8 25 25
//first
                         
                         
                         
                         
            1            
            1            
            1            
            1            
            1            
            1            
            1            
            1            
    11111111111111111    
            1            
            1            
            1            
            1            
            1            
            1            
            1            
            1            
                         
                         
                         
                         
//second
                         
                         
                         
                         
    11111111111111111    
    11             11    
    1 1           1 1    
    1  1         1  1    
    1   1       1   1    
    1               1    
    1               1    
    1               1    
    1               1    
    1               1    
    1               1    
    1               1    
    1   1       1   1    
    1  1         1  1    
    1 1           1 1    
    11             11    
    11111111111111111    
                         
                         
                         
                         
//third
                         
                         
                         
                         
                         
            1            
            1            
            1            
        111111111        
        1   1   1        
        1   1   1        
        1   1   1        
     111111111111111     
        1   1   1        
        1   1   1        
        1   1   1        
        111111111        
            1            
            1            
            1            
                         
                         
                         
                         
                         
//forth
                         
                         
                         
                         
    1               1    
     1             1     
      1           1      
       1         1       
        1       1        
         1     1         
          1   1          
           1 1           
            1            
           1 1           
          1   1          
         1     1         
        1       1        
       1         1       
      1           1      
     1             1     
    1               1    
                         
                         
                         
                         
//fifth
                         
                         
                         
                         
                         
                         
                         
                         
                         
            1            
            1            
           1 1           
         11   11         
           1 1           
            1            
            1            
                         
                         
                         
                         
                         
                         
                         
                         
                         
//sixth
                         
                         
                         
                         
                         
                         
                         
                         
                         
                         
                         
            1            
           111           
            1            
                         
                         
                         
                         
                         
                         
                         
                         
                         
                         
                         
//seventh
                         
                         
                         
                         
                         
            1            
            1            
            1            
            1            
                         
                         
            1            
     1111  111  1111     
            1            
                         
                         
            1            
            1            
            1            
            1            
                         
                         
                         
                         
                         
//seventh
                         
                         
                         
                         
                         
                         
                         
                         
                         
                         
                         
           111           
           111           
           111           
                         
                         
                         
                         
                         
                         
                         
                         
                         
                         
                         
//nine                  
                         
